-570508
0
1
4
6
15
16
23
28
29
31
34
35
39
45
49
53
55
57
62
63
64
70
75
79
81
82
88
91
93
95
97
98
103
105
108
116
117
118
119
123
125
138
144
145
167
177
182
189
193
197
203
204
213
220
222
225
235
242
246
253
257
260
261
263
272
274
276
279
285
286
300
303
305
307
310
311
325
333
335
336
337
339
345
348
349
351
353
355
363
367
371
376
379
383
387
390
392
406
408
410
415
417
425
426
431
432
434
438
441
448
452
462
465
470
475
486
487
488
491
493
494
497
501
502
507
512
526
528
531
532
546
548
559
560
563
565
569
580
581
582
588
590
592
594
599
600
602
606
618
619
621
625
630
632
633
636
638
640
647
648
654
655
657
658
660
663
666
668
669
672
673
689
695
700
708
710
714
717
719
720
721
727
731
735
737
748
749
752
753
758
762
767
772
781
783
787
802
805
807
823
824
828
833
835
844
848
850
857
859
872
873
883
891
892
893
894
897
899
917
920
925
940
942
947
950
951
966
972
976
977
980
983
986
994
996
997
1000
1003
1010
1015
1017
1022
1026
1028
1030
1032
1037
1044
1049
1051
1052
1056
1057
1063
1070
1076
1080
1083
1084
1085
1087
1096
1099
1103
1104
1109
1118
1121
1124
1125
1127
1130
1131
1135
1137
1139
1141
1145
1146
1147
1152
1153
1158
1159
1174
1182
1186
1187
1192
1194
1200
1201
1202
1206
1207
1212
1213
1216
1220
1231
1232
1234
1236
1242
1247
1249
1251
1252
1253
1256
1259
1266
1267
1268
1270
1275
1276
1277
1286
1287
1288
1295
1304
1305
1311
1315
1318
1319
1335
1338
1340
1344
1350
1351
1352
1364
1368
1369
1370
1371
1372
1374
1376
1380
1381
1387
1390
1394
1395
1398
1399
1410
1418
1425
1426
1427
1432
1438
1439
1445
1450
1456
1458
1459
1464
1465
1468
1469
1470
1473
1476
1477
1479
1490
1491
1497
1505
1507
1512
1516
1517
1523
1526
1530
1534
1537
1543
1544
1550
1551
1555
1558
1562
1571
1572
1573
1578
1588
1589
1595
1597
1604
1605
1607
1610
1613
1614
1615
1625
1635
1637
1648
1655
1656
1660
1663
1666
1677
1678
1680
1684
1687
1691
1697
1700
1702
1709
1711
1712
1713
1716
1719
1720
1730
1739
1740
1744
1747
1749
1758
1764
1765
1767
1769
1770
1772
1773
1779
1781
1788
1797
1798
1799
1805
1806
1807
1809
1816
1820
1824
1828
1831
1835
1836
1842
1843
1844
1846
1849
1850
1853
1861
1865
1867
1873
1878
1885
1888
1895
1900
1903
1908
1911
1916
1932
1936
1938
1952
1961
1962
1965
1968
1970
1972
1980
1983
1984
1987
1992
1995
1996
1998
1999
2005
2011
2013
2022
2027
2028
2043
2044
2045
2049
2055
2057
2065
2069
2070
2072
2073
2080
2081
2089
2091
2094
2100
2101
2103
2104
2108
2116
2117
2122
2131
2134
2137
2155
2157
2162
2172
2175
2180
2183
2184
2185
2186
2194
2197
2201
2203
2207
2208
2211
2223
2227
2233
2239
2240
2241
2243
2245
2247
2249
2252
2254
2260
2261
2265
2270
2278
2280
2281
2284
2287
2290
2292
2295
2299
2300
2302
2307
2309
2311
2312
2314
2325
2329
2334
2339
2345
2346
2347
2351
2355
2358
2361
2362
2365
2369
2373
2376
2384
2391
2392
2402
2403
2415
2417
2422
2431
2435
2441
2445
2451
2453
2458
2467
2468
2473
2478
2479
2482
2488
2490
2496
2503
2504
2508
2511
2512
2514
2519
2521
2522
2523
2532
2534
2535
2536
2540
2546
2548
2551
2552
2556
2559
2560
2562
2563
2569
2570
2577
2581
2583
2586
2587
2590
2591
2597
2599
2603
2604
2611
2621
2624
2625
2628
2634
2638
2639
2651
2653
2660
2664
2665
2669
2674
2677
2682
2692
2706
2717
2718
2727
2731
2733
2735
2738
2743
2749
2750
2754
2756
2757
2758
2762
2764
2771
2773
2777
2784
2789
2792
2798
2802
2803
2805
2811
2813
2817
2820
2822
2823
2824
2828
2841
2848
2849
2854
2866
2869
2875
2878
2883
2885
2887
2888
2895
2897
2904
2906
2908
2909
2910
2914
2917
2919
2930
2933
2934
2938
2939
2947
2958
2960
2968
2970
2986
2988
2995
3005
3006
3007
3009
3019
3020
3029
3033
3037
3040
3041
3050
3051
3052
3053
3056
3059
3060
3061
3063
3066
3075
3085
3090
3095
3107
3109
3114
3115
3118
3123
3125
3129
3131
3132
3146
3147
3148
3150
3152
3153
3156
3159
3163
3169
3171
3179
3181
3185
3193
3197
3201
3208
3220
3221
3222
3225
3227
3239
3240
3241
3243
3244
3245
3246
3250
3251
3261
3264
3266
3270
3273
3275
3286
3291
3299
3302
3303
3312
3319
3321
3324
3341
3345
3350
3369
3377
3386
3393
3411
3414
3415
3417
3423
3427
3428
3432
3433
3442
3446
3455
3457
3464
3466
3468
3473
3478
3479
3484
3488
3492
3494
3509
3513
3517
3521
3527
3529
3530
3532
3536
3538
3542
3543
3545
3547
3553
3554
3557
3565
3571
3576
3580
3584
3585
3588
3590
3591
3592
3597
3598
3600
3602
3603
3611
3614
3615
3617
3618
3621
3626
3628
3631
3632
3638
3639
3640
3646
3647
3651
3654
3659
3661
3668
3673
3674
3680
3683
3686
3688
3692
3696
3701
3703
3709
3715
3722
3726
3729
3735
3737
3743
3748
3749
3750
3751
3758
3759
3760
3763
3767
3768
3770
3772
3778
3783
3786
3791
3792
3796
3797
3805
3812
3820
3823
3826
3828
3829
3830
3833
3834
3835
3841
3846
3847
3852
3855
3861
3864
3866
3867
3869
3870
3873
3896
3897
3907
3909
3911
3917
3919
3921
3923
3924
3928
3929
3943
3947
3949
3953
3955
3956
3957
3959
3960
3961
3962
3967
3972
3976
3982
3983
3984
3991
3993
3999
4000
4001
4006
4008
4015
4016
4017
4020
4028
4033
4034
4042
4045
4055
4058
4059
4064
4066
4074
4078
4085
4087
4091
4092
4099
4104
4111
4113
4115
4120
4123
4125
4130
4141
4145
4148
4153
4156
4165
4167
4170
4171
4172
4177
4178
4184
4191
4200
4202
4204
4209
4213
4214
4221
4229
4235
4236
4238
4240
4242
4251
4257
4267
4268
4283
4289
4290
4293
4299
4307
4310
4317
4320
4324
4329
4331
4336
4339
4340
4346
4348
4349
4352
4354
4355
4358
4360
4361
4362
4372
4375
4376
4377
4379
4386
4387
4391
4407
4411
4415
4416
4419
4421
4422
4429
4433
4435
4439
4441
4444
4445
4446
4459
4460
4461
4462
4467
4469
4474
4475
4476
4480
4481
4483
4487
4491
4495
4496
4499
4505
4512
4516
4521
4525
4529
4533
4535
4548
4553
4556
4559
4564
4569
4570
4572
4581
4590
4591
4595
4596
4609
4616
4617
4625
4627
4633
4634
4635
4641
4650
4655
4656
4661
4662
4666
4668
4674
4679
4685
4687
4690
4694
4699
4702
4705
4706
4710
4723
4725
4740
4744
4747
4748
4752
4754
4765
4766
4767
4775
4780
4781
4788
4790
4791
4792
4797
4801
4806
4812
4817
4823
4825
4827
4830
4835
4837
4839
4840
4841
4849
4867
4870
4872
4874
4881
4887
4897
4901
4904
4905
4908
4912
4913
4917
4926
4927
4928
4933
4935
4936
4950
4956
4960
4966
4971
4975
4977
4979
4980
4986
4989
4991
4997
5003
5004
5011
5015
5020
5026
5039
5043
5045
5051
5053
5054
5063
5065
5072
5076
5077
5079
5080
5081
5083
5087
5088
5089
5092
5095
5097
5098
5101
5107
5116
5120
5121
5125
5136
5147
5148
5160
5167
5175
5199
5200
5201
5207
5215
5230
5233
5237
5238
5239
5246
5254
5258
5259
5265
5266
5274
5275
5286
5287
5291
5293
5303
5307
5325
5332
5335
5337
5338
5341
5345
5349
5350
5351
5353
5357
5362
5366
5380
5381
5389
5391
5392
5395
5396
5398
5401
5403
5406
5412
5419
5422
5423
5428
5430
5432
5442
5445
5456
5467
5468
5470
5479
5485
5486
5489
5490
5496
5499
5500
5503
5509
5513
5515
5518
5522
5524
5525
5528
5534
5538
5543
5544
5547
5557
5559
5561
5563
5564
5565
5567
5571
5592
5607
5609
5617
5621
5628
5634
5639
5641
5646
5647
5653
5656
5658
5662
5663
5666
5669
5673
5678
5687
5692
5693
5697
5699
5704
5705
5713
5716
5717
5720
5734
5739
5740
5750
5751
5752
5753
5758
5762
5766
5779
5780
5781
5791
5792
5793
5795
5796
5797
5811
5815
5816
5825
5833
5836
5840
5846
5847
5859
5866
5870
5871
5872
5873
5874
5875
5885
5891
5896
5897
5903
5907
5911
5916
5920
5922
5932
5933
5935
5938
5943
5952
5955
5956
5960
5963
5968
5969
5974
5978
5980
5990
5997
6004
6007
6010
6018
6020
6025
6027
6028
6032
6033
6041
6043
6051
6053
6057
6059
6061
6062
6070
6075
6076
6078
6079
6084
6089
6093
6094
6099
6101
6103
6104
6105
6107
6108
6109
6110
6125
6128
6129
6131
6134
6138
6140
6145
6154
6155
6172
6178
6180
6191
6193
6194
6201
6203
6205
6206
6215
6216
6223
6227
6228
6229
6230
6234
6239
6253
6254
6263
6266
6270
6272
6274
6278
6282
6286
6287
6294
6309
6311
6312
6313
6314
6317
6324
6326
6329
6336
6344
6346
6350
6354
6362
6363
6375
6380
6384
6392
6393
6394
6398
6400
6406
6407
6409
6412
6423
6427
6429
6433
6437
6445
6453
6454
6462
6465
6472
6481
6482
6483
6490
6496
6497
6498
6502
6504
6506
6509
6511
6512
6514
6518
6521
6523
6527
6528
6537
6550
6557
6560
6561
6563
6569
6572
6575
6579
6585
6588
6593
6605
6609
6616
6618
6628
6631
6633
6635
6646
6648
6649
6655
6659
6664
6665
6666
6671
6686
6690
6699
6700
6702
6706
6708
6711
6716
6721
6722
6726
6728
6730
6737
6740
6742
6745
6748
6750
6753
6756
6765
6768
6773
6784
6786
6790
6795
6802
6803
6810
6813
6815
6822
6823
6826
6832
6834
6837
6841
6845
6851
6869
6872
6874
6876
6881
6886
6888
6889
6890
6899
6905
6907
6919
6922
6923
6925
6935
6938
6942
6952
6955
6959
6964
6971
6976
6981
6982
6983
6984
6993
7000
7001
7009
7010
7013
7014
7024
7025
7027
7028
7036
7040
7043
7047
7056
7057
7063
7069
7071
7072
7078
7079
7084
7087
7090
7094
7097
7105
7123
7137
7139
7140
7143
7146
7147
7151
7160
7163
7164
7167
7169
7173
7176
7177
7185
7188
7192
7193
7198
7199
7203
7204
7218
7219
7224
7226
7231
7233
7253
7255
7260
7262
7264
7265
7269
7270
7279
7281
7290
7294
7297
7304
7306
7316
7325
7327
7328
7331
7332
7333
7336
7342
7345
7348
7353
7354
7356
7360
7362
7364
7366
7367
7368
7372
7379
7380
7383
7391
7396
7401
7402
7404
7415
7418
7420
7425
7426
7427
7433
7440
7454
7456
7468
7469
7471
7474
7477
7480
7481
7483
7484
7488
7493
7499
7501
7505
7520
7521
7523
7524
7529
7534
7539
7540
7552
7554
7556
7559
7566
7575
7577
7581
7592
7593
7596
7600
7603
7605
7607
7608
7609
7615
7620
7621
7626
7633
7639
7646
7647
7652
7654
7663
7666
7667
7670
7671
7687
7691
7692
7694
7696
7700
7704
7706
7711
7716
7717
7719
7727
7728
7732
7735
7738
7739
7748
7752
7760
7765
7773
7779
7792
7794
7798
7805
7813
7817
7819
7823
7825
7828
7830
7832
7836
7839
7842
7844
7853
7860
7862
7866
7868
7869
7871
7876
7881
7889
7890
7892
7893
7895
7897
7900
7903
7904
7906
7908
7909
7910
7912
7917
7923
7925
7928
7932
7935
7936
7943
7946
7950
7951
7955
7956
7959
7961
7962
7964
7966
7968
7969
7972
7995
7997
8000
8003
8007
8008
8009
8012
8014
8016
8017
8023
8024
8028
8029
8030
8031
8043
8045
8055
8062
8063
8070
8080
8082
8084
8086
8090
8093
8097
8098
8099
8103
8104
8109
8110
8113
8114
8115
8116
8123
8125
8126
8128
8129
8134
8143
8146
8163
8169
8170
8172
8182
8185
8186
8190
8195
8203
8206
8207
8209
8212
8215
8226
8228
8229
8236
8239
8248
8252
8257
8262
8263
8268
8274
8286
8290
8292
8293
8300
8302
8304
8311
8313
8315
8319
8325
8326
8327
8333
8334
8335
8337
8339
8341
8343
8349
8359
8364
8366
8367
8370
8376
8377
8392
8395
8404
8406
8407
8408
8419
8420
8424
8425
8427
8429
8434
8439
8448
8451
8453
8455
8458
8459
8466
8473
8476
8493
8499
8506
8508
8509
8515
8520
8521
8527
8529
8530
8538
8542
8545
8547
8554
8556
8563
8566
8569
8570
8573
8576
8585
8588
8590
8592
8594
8595
8596
8597
8601
8605
8610
8616
8621
8623
8624
8625
8631
8635
8638
8640
8641
8642
8658
8659
8662
8665
8668
8678
8683
8688
8690
8693
8696
8699
8700
8701
8704
8705
8707
8709
8711
8714
8715
8716
8724
8728
8730
8731
8736
8737
8742
8745
8753
8756
8765
8767
8786
8790
8793
8794
8798
8814
8827
8831
8838
8841
8845
8846
8847
8851
8855
8862
8870
8873
8875
8876
8877
8881
8883
8884
8887
8888
8890
8903
8905
8907
8909
8910
8913
8914
8917
8919
8924
8929
8930
8932
8933
8934
8941
8947
8950
8953
8958
8960
8965
8966
8968
8974
8978
8979
8980
8987
8989
8991
8993
9003
9004
9005
9007
9010
9016
9017
9021
9029
9036
9038
9040
9043
9050
9055
9060
9062
9073
9074
9075
9081
9082
9085
9087
9089
9090
9092
9095
9097
9099
9100
9102
9105
9106
9111
9112
9115
9116
9117
9121
9126
9127
9137
9138
9141
9147
9154
9156
9160
9162
9165
9169
9171
9172
9182
9189
9190
9191
9193
9195
9197
9199
9203
9209
9215
9217
9227
9234
9237
9245
9248
9251
9257
9266
9281
9286
9290
9293
9295
9302
9313
9319
9329
9330
9336
9340
9342
9346
9348
9358
9369
9370
9378
9379
9381
9399
9400
9401
9405
9406
9407
9416
9418
9429
9432
9441
9443
9445
9447
9449
9453
9457
9458
9461
9465
9469
9472
9474
9478
9483
9484
9489
9491
9504
9511
9515
9522
9530
9538
9540
9544
9545
9553
9555
9559
9561
9568
9572
9574
9580
9583
9592
9593
9602
9606
9610
9614
9615
9624
9626
9630
9632
9637
9640
9641
9647
9655
9656
9662
9664
9666
9669
9677
9679
9681
9684
9686
9692
9694
9710
9714
9717
9721
9723
9724
9729
9738
9739
9751
9756
9758
9763
9764
9775
9785
9788
9789
9793
9795
9797
9804
9807
9813
9824
9830
9839
9845
9854
9867
9868
9869
9871
9877
9893
9898
9901
9902
9907
9934
9936
9937
9938
9950
9958
9962
9965
9975
9977
9980
9985
9988
9989
9990
9991
9996
9999
10000
10014
10016
10021
10022
10026
10029
10030
10032
10033
10035
10036
10038
10043
10046
10051
10053
10062
10064
10066
10069
10070
10078
10079
10083
10084
10089
10108
10111
10112
10113
10125
10140
10150
10152
10154
10155
10158
10160
10163
10167
10172
10183
10184
10205
10209
10211
10214
10218
10219
10221
10223
10225
10229
10231
10238
10239
10240
10243
10244
10265
10268
10274
10279
10281
10282
10286
10287
10288
10294
10295
10297
10300
10302
10308
10315
10317
10318
10324
10327
10330
10331
10333
10335
10342
10344
10346
10351
10354
10362
10363
10369
10384
10392
10393
10415
10424
10430
10433
10446
10449
10455
10461
10465
10467
10469
10472
10475
10481
10492
10493
10498
10499
10506
10507
10509
10510
10516
10522
10525
10527
10531
10532
10534
10536
10537
10546
10553
10562
10564
10570
10582
10588
10601
10603
10607
10613
10615
10619
10622
10624
10632
10634
10642
10647
10651
10657
10665
10670
10676
10677
10678
10679
10682
10684
10685
10693
10697
10699
10704
10721
10727
10728
10731
10732
10733
10739
10741
10742
10743
10744
10745
10747
10750
10751
10755
10757
10760
10767
10782
10786
10792
10794
10810
10812
10817
10821
10825
10829
10833
10836
10837
10838
10841
10846
10849
10850
10855
10861
10863
10867
10871
10875
10877
10880
10892
10897
10900
10903
10904
10911
10925
10928
10929
10938
10946
10949
10953
10954
10958
10963
10969
10970
10972
10973
10974
10975
10981
10982
10984
10992
10994
11000
11014
11016
11026
11028
11029
11037
11040
11041
11046
11047
11051
11054
11056
11058
11062
11075
11079
11081
11086
11103
11105
11107
11115
11117
11121
11124
11128
11129
11137
11139
11142
11145
11147
11149
11150
11151
11157
11162
11167
11172
11175
11184
11185
11187
11190
11192
11195
11201
11203
11205
11207
11209
11220
11229
11230
11233
11240
11243
11247
11248
11256
11263
11265
11268
11269
11286
11290
11292
11305
11306
11307
11315
11318
11324
11331
11334
11336
11337
11340
11354
11356
11357
11361
11362
11367
11380
11381
11382
11383
11384
11386
11387
11390
11391
11399
11406
11415
11418
11421
11437
11441
11442
11443
11448
11449
11451
11453
11462
11468
11470
11476
11490
11493
11495
11497
11501
11505
11513
11516
11520
11531
11539
11540
11545
11546
11547
11548
11549
11558
11563
11564
11572
11574
11577
11586
11589
11591
11600
11604
11606
11608
11612
11615
11616
11625
11629
11632
11634
11635
11637
11638
11639
11643
11651
11653
11655
11658
11665
11666
11669
11677
11682
11683
11686
11692
11696
11699
11715
11716
11720
11721
11724
11725
11726
11730
11741
11743
11744
11751
11755
11756
11763
11768
11775
11776
11780
11784
11786
11790
11791
11798
11801
11807
11814
11821
11830
11832
11838
11843
11848
11851
11854
11855
11858
11864
11870
11871
11875
11878
11879
11883
11889
11893
11894
11897
11898
11900
11901
11920
11921
11922
11930
11938
11939
11940
11941
11942
11944
11951
11955
11959
11961
11964
11966
11984
11985
11990
11991
11997
11999
12001
12002
12007
12008
12012
12019
12020
12023
12026
12027
12030
12035
12036
12037
12042
12046
12047
12054
12055
12068
12069
12070
12071
12083
12085
12086
12088
12089
12099
12101
12104
12106
12117
12119
12120
12133
12137
12147
12148
12150
12152
12153
12161
12165
12166
12168
12172
12184
12187
12191
12195
12196
12199
12201
12209
12214
12220
12224
12227
12231
12232
12236
12237
12244
12249
12257
12259
12264
12266
12267
12268
12272
12273
12275
12279
12288
12292
12294
12295
12300
12305
12307
12322
12323
12324
12326
12328
12331
12337
12338
12339
12340
12341
12347
12349
12356
12359
12363
12369
12371
12379
12380
12383
12385
12390
12391
12392
12403
12409
12410
12419
12421
12434
12437
12441
12442
12444
12451
12459
12460
12464
12475
12477
12482
12484
12485
12486
12487
12498
12499
12500
12505
12506
12509
12514
12515
12522
12526
12527
12536
12544
12547
12549
12552
12555
12556
12567
12569
12573
12578
12580
12581
12582
12583
12586
12587
12589
12590
12597
12599
12604
12606
12607
12610
12615
12618
12622
12633
12634
12639
12645
12650
12657
12659
12667
12676
12677
12678
12683
12684
12687
12688
12691
12694
12697
12708
12717
12721
12723
12724
12725
12729
12746
12756
12757
12767
12772
12773
12774
12778
12779
12783
12793
12799
12804
12805
12809
12816
12819
12820
12821
12822
12824
12826
12828
12829
12841
12847
12849
12851
12852
12853
12869
12872
12874
12878
12879
12881
12893
12899
12908
12920
12924
12926
12930
12934
12938
12953
12954
12956
12957
12960
12961
12963
12964
12972
12974
12976
12978
12980
12984
12986
12994
13006
13007
13008
13013
13016
13019
13020
13022
13023
13025
13028
13031
13033
13039
13048
13054
13057
13062
13063
13067
13068
13073
13075
13076
13080
13085
13102
13107
13112
13119
13124
13125
13126
13130
13134
13140
13143
13146
13149
13155
13160
13163
13166
13167
13171
13173
13178
13187
13199
13201
13202
13204
13215
13219
13222
13224
13230
13241
13242
13244
13245
13246
13249
13250
13251
13254
13261
13267
13269
13271
13273
13280
13284
13286
13287
13295
13298
13306
13308
13311
13314
13326
13328
13332
13338
13343
13356
13366
13381
13383
13385
13386
13387
13388
13391
13394
13396
13399
13402
13403
13408
13411
13413
13417
13421
13423
13429
13430
13437
13441
13442
13443
13451
13454
13461
13470
13472
13475
13476
13477
13478
13479
13484
13487
13488
13489
13491
13496
13504
13507
13508
13509
13513
13515
13516
13519
13521
13527
13532
13546
13550
13552
13569
13570
13572
13573
13580
13581
13582
13590
13595
13597
13601
13602
13604
13606
13608
13610
13611
13616
13625
13631
13636
13638
13641
13642
13643
13651
13655
13657
13659
13662
13663
13666
13668
13676
13677
13680
13681
13688
13689
13697
13701
13702
13703
13704
13709
13713
13717
13725
13729
13734
13737
13738
13740
13742
13748
13752
13757
13765
13767
13768
13771
13776
13777
13779
13789
13791
13792
13796
13797
13799
13819
13824
13838
13845
13846
13847
13848
13851
13854
13857
13861
13864
13865
13867
13869
13870
13876
13877
13878
13885
13896
13900
13905
13906
13909
13916
13918
13921
13923
13924
13926
13930
13933
13934
13936
13938
13939
13940
13944
13945
13948
13950
13956
13957
13964
13967
13968
13974
13975
13980
13985
13989
13995
13998
13999
14000
14002
14005
14006
14008
14014
14018
14024
14028
14030
14033
14039
14041
14043
14046
14050
14054
14056
14059
14061
14063
14064
14067
14073
14074
14083
14084
14086
14087
14089
14093
14096
14100
14101
14111
14118
14126
14130
14139
14140
14145
14149
14151
14153
14154
14156
14163
14164
14165
14168
14170
14176
14177
14179
14180
14183
14184
14186
14188
14195
14198
14201
14204
14218
14220
14231
14238
14242
14245
14247
14250
14251
14253
14257
14259
14262
14265
14267
14274
14279
14282
14286
14291
14298
14299
14306
14323
14324
14325
14326
14328
14335
14342
14344
14345
14347
14350
14352
14353
14360
14361
14369
14370
14372
14373
14387
14390
14392
14395
14396
14397
14401
14403
14404
14406
14410
14416
14421
14422
14424
14430
14431
14433
14448
14449
14451
14460
14462
14466
14467
14471
14475
14476
14486
14491
14493
14495
14497
14498
14500
14503
14505
14507
14508
14510
14511
14512
14515
14517
14524
14537
14541
14545
14548
14552
14554
14556
14559
14562
14573
14575
14579
14580
14582
14584
14593
14604
14607
14609
14621
14622
14630
14632
14633
14637
14641
14643
14646
14647
14648
14653
14654
14656
14658
14662
14665
14675
14682
14693
14697
14698
14707
14712
14714
14722
14727
14731
14733
14735
14736
14740
14741
14745
14749
14751
14758
14760
14762
14763
14771
14773
14776
14778
14789
14793
14794
14797
14798
14813
14814
14816
14820
14821
14824
14830
14841
14843
14846
14848
14850
14851
14854
14855
14856
14858
14862
14863
14868
14869
14877
14881
14882
14883
14886
14890
14897
14901
14904
14907
14911
14913
14916
14919
14921
14929
14930
14934
14943
14944
14947
14949
14951
14954
14966
14969
14970
14980
14981
14983
14996
15000
15001
15002
15009
15011
15013
15014
15016
15017
15022
15023
15027
15029
15037
15041
15048
15052
15053
15054
15055
15073
15078
15081
15088
15092
15098
15102
15103
15104
15108
15118
15124
15133
15139
15143
15144
15150
15156
15161
15164
15165
15168
15170
15171
15176
15179
15183
15184
15185
15189
15190
15192
15200
15201
15206
15209
15211
15214
15220
15224
15228
15236
15237
15238
15241
15246
15247
15249
15251
15253
15260
15262
15263
15264
15265
15266
15274
15283
15289
15295
15298
15301
15304
15308
15310
15314
15315
15316
15321
15329
15330
15331
15334
15345
15351
15365
15368
15369
15386
15387
15392
15400
15405
15406
15407
15410
15411
15416
15421
15422
15435
15441
15445
15457
15459
15463
15464
15470
15473
15474
15477
15478
15481
15484
15490
15491
15498
15502
15507
15511
15517
15519
15524
15537
15538
15541
15543
15544
15546
15550
15552
15555
15571
15573
15578
15582
15583
15587
15594
15598
15607
15611
15613
15617
15619
15621
15622
15625
15627
15628
15633
15638
15639
15642
15644
15650
15651
15652
15654
15660
15661
15665
15669
15674
15687
15688
15689
15695
15698
15710
15718
15721
15722
15725
15730
15731
15736
15738
15744
15751
15752
15753
15765
15766
15773
15774
15775
15776
15780
15785
15792
15793
15795
15796
15800
15804
15809
15812
15813
15819
15823
15825
15827
15831
15834
15835
15837
15842
15847
15850
15858
15859
15862
15863
15868
15869
15873
15879
15883
15887
15888
15890
15899
15901
15905
15909
15914
15916
15920
15921
15924
15928
15936
15941
15949
15950
15958
15978
15981
15982
15983
15984
15988
15991
15994
15998
15999
16000
16024
16036
16047
16051
16053
16067
16072
16086
16087
16089
16091
16092
16096
16098
16104
16109
16114
16117
16128
16129
16132
16133
16140
16144
16158
16170
16172
16174
16175
16182
16188
16191
16193
16195
16198
16199
16200
16203
16209
16212
16220
16225
16229
16230
16231
16238
16242
16249
16257
16258
16261
16271
16275
16278
16279
16280
16282
16284
16290
16291
16293
16303
16304
16309
16310
16312
16325
16327
16329
16333
16335
16346
16347
16350
16351
16352
16362
16368
16369
16373
16374
16376
16378
16390
16393
16405
16412
16419
16421
16431
16432
16435
16436
16440
16443
16446
16448
16451
16459
16461
16462
16463
16467
16468
16470
16472
16474
16478
16488
16492
16495
16499
16500
16502
16505
16507
16509
16510
16519
16528
16533
16538
16539
16543
16550
16551
16563
16564
16566
16570
16574
16575
16583
16585
16587
16588
16592
16607
16612
16615
16617
16620
16625
16628
16632
16635
16636
16637
16641
16642
16646
16649
16651
16652
16653
16654
16656
16657
16659
16662
16668
16669
16673
16675
16680
16681
16682
16684
16686
16687
16690
16691
16705
16707
16714
16716
16722
16725
16727
16734
16742
16743
16744
16747
16754
16758
16762
16766
16768
16771
16772
16776
16778
16784
16786
16790
16791
16798
16800
16807
16814
16820
16823
16834
16835
16836
16838
16841
16844
16846
16847
16858
16859
16860
16872
16874
16876
16879
16881
16883
16884
16889
16891
16893
16895
16897
16909
16915
16922
16926
16930
16936
16939
16944
16946
16951
16953
16956
16958
16971
16973
16983
16984
16985
16991
16993
16994
17002
17010
17016
17017
17019
17021
17024
17026
17029
17034
17035
17038
17042
17043
17049
17060
17063
17064
17065
17071
17077
17079
17081
17083
17084
17088
17094
17097
17099
17101
17106
17117
17121
17124
17129
17138
17140
17145
17147
17154
17156
17158
17160
17162
17164
17167
17169
17175
17179
17181
17184
17188
17190
17194
17197
17198
17199
17201
17202
17204
17209
17210
17211
17214
17215
17219
17229
17233
17234
17238
17244
17251
17257
17261
17263
17264
17266
17268
17269
17272
17276
17279
17301
17302
17303
17307
17309
17316
17336
17344
17347
17358
17363
17365
17366
17376
17387
17391
17398
17404
17406
17407
17409
17414
17415
17419
17428
17434
17436
17439
17442
17449
17451
17452
17453
17456
17460
17468
17473
17474
17476
17478
17481
17485
17490
17497
17507
17514
17515
17520
17528
17532
17536
17546
17549
17553
17563
17570
17574
17575
17579
17583
17584
17585
17587
17589
17590
17594
17595
17596
17601
17612
17618
17620
17625
17627
17629
17637
17639
17643
17655
17656
17658
17659
17664
17671
17677
17679
17680
17685
17692
17693
17694
17696
17699
17701
17702
17704
17715
17716
17719
17721
17733
17734
17739
17745
17746
17764
17765
17775
17776
17782
17790
17796
17801
17806
17807
17812
17814
17815
17816
17832
17835
17836
17841
17847
17859
17860
17865
17870
17872
17873
17883
17891
17914
17923
17925
17937
17939
17942
17953
17954
17955
17957
17962
17964
17969
17970
17979
17981
17986
17987
17994
18006
18018
18019
18020
18029
18032
18034
18036
18049
18052
18057
18071
18074
18082
18085
18091
18094
18096
18098
18100
18103
18108
18112
18113
18122
18127
18129
18134
18137
18138
18139
18146
18150
18151
18153
18161
18163
18165
18169
18172
18174
18177
18179
18184
18188
18189
18190
18200
18203
18207
18208
18211
18214
18218
18219
18226
18233
18240
18251
18254
18261
18272
18274
18275
18276
18282
18292
18295
18298
18309
18313
18319
18321
18323
18338
18339
18341
18342
18352
18357
18360
18361
18366
18369
18370
18372
18379
18380
18381
18382
18385
18393
18399
18400
18401
18403
18406
18409
18410
18416
18425
18426
18428
18444
18446
18449
18451
18455
18463
18465
18466
18468
18476
18479
18488
18490
18491
18504
18505
18507
18509
18510
18511
18513
18515
18523
18529
18533
18539
18542
18543
18546
18549
18552
18553
18557
18561
18566
18568
18570
18572
18573
18578
18579
18582
18583
18584
18586
18589
18590
18591
18596
18599
18602
18604
18605
18616
18617
18623
18624
18627
18635
18638
18640
18644
18649
18650
18655
18659
18660
18665
18667
18668
18673
18680
18681
18683
18684
18690
18697
18703
18707
18717
18723
18724
18732
18739
18741
18742
18753
18761
18765
18769
18779
18781
18784
18788
18793
18795
18797
18800
18802
18813
18821
18824
18825
18827
18833
18847
18849
18851
18860
18871
18876
18877
18879
18881
18882
18885
18886
18891
18899
18900
18902
18907
18909
18913
18914
18923
18927
18928
18929
18930
18943
18944
18946
18948
18949
18950
18951
18953
18962
18976
18977
18981
18983
18989
18991
18994
18998
19012
19014
19019
19021
19022
19030
19031
19033
19035
19041
19043
19045
19047
19055
19057
19063
19065
19069
19072
19073
19075
19082
19083
19085
19086
19087
19095
19098
19105
19109
19112
19115
19118
19126
19129
19130
19140
19141
19143
19144
19147
19148
19149
19152
19153
19158
19169
19172
19173
19174
19178
19187
19192
19196
19199
19200
19207
19226
19232
19233
19236
19243
19252
19254
19258
19260
19263
19265
19275
19276
19278
19286
19291
19296
19300
19305
19306
19307
19316
19320
19330
19336
19337
19340
19345
19347
19352
19353
19356
19357
19375
19377
19379
19384
19389
19398
19399
19402
19406
19410
19411
19419
19420
19423
19424
19440
19443
19444
19447
19449
19450
19454
19460
19470
19471
19473
19474
19477
19487
19491
19492
19494
19497
19498
19501
19505
19507
19512
19516
19517
19518
19533
19535
19536
19537
19543
19544
19548
19560
19565
19567
19569
19578
19580
19581
19594
19600
19602
19605
19611
19615
19618
19622
19623
19626
19627
19632
19639
19642
19646
19647
19650
19651
19652
19654
19657
19658
19659
19660
19670
19672
19675
19679
19681
19682
19683
19692
19697
19708
19713
19715
19721
19723
19726
19733
19734
19750
19753
19755
19763
19764
19767
19780
19781
19782
19788
19795
19797
19806
19814
19815
19816
19822
19825
19826
19830
19853
19871
19875
19878
19879
19880
19881
19882
19886
19894
19902
19903
19906
19908
19910
19914
19917
19920
19923
19926
19932
19937
19949
19953
19955
19963
19970
19973
19980
19983
19988
19993
20001
20002
20006
20009
20010
20014
20015
20017
20022
20027
20029
20030
20050
20051
20058
20059
20064
20068
20070
20076
20080
20096
20098
20099
20100
20107
20109
20110
20112
20115
20117
20118
20119
20120
20126
20135
20137
20139
20143
20144
20145
20149
20154
20158
20159
20160
20163
20170
20172
20177
20178
20183
20185
20186
20191
20196
20200
20202
20204
20207
20213
20226
20229
20232
20235
20239
20240
20242
20244
20250
20251
20255
20258
20260
20265
20275
20276
20279
20282
20284
20286
20288
20292
20297
20300
20301
20303
20305
20311
20312
20314
20317
20318
20319
20326
20327
20328
20333
20337
20341
20342
20344
20347
20354
20360
20367
20369
20373
20381
20385
20388
20391
20412
20414
20420
20422
20423
20434
20437
20438
20442
20443
20446
20450
20451
20452
20453
20454
20457
20459
20464
20471
20473
20474
20477
20480
20481
20482
20483
20484
20485
20487
20493
20498
20503
20506
20507
20512
20515
20516
20520
20526
20532
20533
20540
20541
20542
20556
20557
20559
20562
20563
20564
20567
20574
20575
20581
20582
20583
20587
20588
20592
20593
20596
20603
20604
20605
20609
20619
20624
20626
20635
20647
20650
20657
20661
20665
20675
20677
20678
20683
20686
20687
20690
20699
20700
20703
20709
20711
20712
20713
20721
20725
20730
20734
20737
20742
20744
20747
20748
20749
20770
20778
20780
20785
20789
20790
20793
20799
20800
20801
20807
20812
20825
20829
20830
20842
20843
20846
20853
20856
20866
20871
20872
20879
20882
20897
20901
20905
20910
20914
20915
20916
20919
20920
20925
20931
20933
20939
20945
20946
20947
20959
20963
20970
20976
20977
20983
20991
20993
21000
21001
21002
21006
21010
21012
21015
21024
21029
21036
21038
21039
21041
21042
21047
21055
21058
21060
21062
21064
21065
21067
21071
21073
21074
21076
21079
21080
21081
21108
21113
21118
21119
21125
21126
21127
21147
21148
21149
21150
21160
21171
21179
21181
21183
21189
21190
21192
21196
21208
21210
21212
21213
21216
21233
21236
21238
21242
21245
21248
21258
21261
21263
21265
21268
21269
21271
21273
21302
21303
21308
21313
21314
21320
21324
21334
21336
21352
21361
21374
21375
21377
21380
21398
21400
21404
21405
21409
21424
21426
21428
21431
21436
21438
21442
21443
21449
21451
21458
21461
21465
21482
21484
21487
21496
21498
21507
21510
21511
21516
21518
21520
21522
21530
21533
21536
21538
21539
21546
21552
21555
21561
21562
21565
21568
21575
21576
21577
21580
21586
21589
21594
21600
21602
21620
21622
21626
21628
21630
21643
21650
21651
21652
21653
21654
21658
21661
21669
21670
21671
21675
21698
21699
21701
21702
21707
21711
21714
21715
21721
21727
21728
21730
21737
21741
21742
21743
21745
21749
21754
21759
21771
21772
21775
21784
21785
21789
21796
21798
21800
21803
21808
21810
21811
21814
21818
21822
21823
21827
21829
21837
21839
21842
21843
21846
21847
21853
21854
21861
21863
21866
21868
21873
21875
21880
21882
21884
21889
21896
21909
21910
21918
21920
21926
21933
21936
21938
21956
21957
21960
21961
21963
21964
21968
21975
21981
21985
21986
21989
21990
21997
22000
22005
22006
22016
22019
22021
22028
22030
22031
22033
22034
22036
22037
22040
22052
22058
22059
22064
22073
22077
22078
22080
22082
22083
22091
22092
22095
22097
22103
22108
22112
22117
22119
22120
22122
22124
22128
22129
22141
22143
22147
22149
22157
22164
22167
22172
22177
22179
22180
22195
22221
22225
22228
22231
22232
22236
22239
22240
22242
22243
22244
22246
22248
22252
22255
22256
22258
22269
22272
22282
22284
22285
22290
22298
22305
22307
22308
22318
22322
22323
22328
22337
22338
22342
22347
22348
22350
22351
22353
22355
22359
22360
22361
22372
22377
22383
22384
22386
22390
22402
22412
22414
22416
22417
22419
22428
22429
22431
22433
22434
22436
22438
22439
22445
22473
22476
22477
22478
22481
22484
22492
22498
22502
22503
22511
22513
22515
22518
22525
22531
22538
22542
22546
22550
22556
22557
22565
22569
22574
22580
22582
22584
22586
22587
22592
22593
22600
22601
22602
22604
22608
22610
22611
22612
22618
22619
22622
22631
22633
22634
22635
22636
22637
22642
22646
22648
22649
22667
22670
22672
22674
22675
22676
22683
22685
22690
22698
22699
22701
22710
22745
22749
22750
22752
22754
22756
22757
22764
22768
22775
22781
22791
22797
22801
22803
22804
22806
22810
22813
22814
22822
22824
22825
22835
22845
22850
22861
22866
22867
22868
22870
22874
22883
22884
22895
22896
22900
22902
22909
22915
22917
22919
22928
22938
22939
22944
22945
22951
22956
22959
22963
22964
22968
22973
22978
22982
22983
22987
22988
22989
22991
22998
22999
23000
23005
23011
23013
23014
23021
23035
23036
23037
23043
23047
23050
23072
23078
23081
23086
23087
23091
23095
23100
23113
23114
23115
23117
23120
23126
23131
23133
23147
23154
23165
23176
23177
23178
23180
23184
23194
23199
23208
23211
23218
23219
23220
23224
23232
23235
23238
23241
23243
23245
23248
23251
23253
23256
23261
23263
23266
23270
23274
23275
23277
23284
23286
23288
23290
23303
23304
23306
23307
23309
23315
23320
23321
23322
23324
23329
23331
23343
23346
23355
23357
23361
23366
23370
23373
23376
23377
23378
23384
23387
23390
23393
23395
23396
23402
23409
23410
23411
23414
23415
23420
23424
23425
23428
23429
23440
23441
23442
23447
23450
23453
23461
23466
23470
23471
23477
23478
23482
23485
23486
23494
23498
23501
23509
23512
23517
23521
23525
23528
23529
23531
23533
23538
23539
23543
23545
23546
23553
23556
23566
23567
23568
23574
23577
23578
23583
23589
23592
23598
23600
23601
23604
23605
23606
23609
23611
23623
23625
23628
23629
23630
23640
23641
23644
23650
23673
23683
23684
23691
23697
23698
23703
23704
23706
23707
23713
23714
23717
23729
23730
23732
23733
23735
23739
23747
23751
23762
23763
23764
23768
23779
23780
23781
23787
23791
23796
23797
23800
23802
23803
23810
23817
23819
23820
23825
23827
23831
23834
23840
23841
23842
23844
23848
23858
23859
23861
23867
23868
23871
23872
23876
23879
23881
23890
23895
23899
23902
23909
23912
23913
23919
23920
23934
23937
23938
23946
23947
23962
23970
23978
23979
23993
23994
23995
23998
23999
24000
24006
24011
24019
24023
24025
24027
24029
24036
24037
24039
24047
24048
24050
24055
24064
24065
24070
24075
24076
24082
24088
24089
24095
24098
24099
24102
24105
24108
24112
24114
24117
24118
24123
24129
24131
24138
24139
24140
24145
24152
24160
24166
24172
24175
24177
24179
24180
24182
24184
24188
24190
24192
24196
24198
24203
24206
24207
24209
24210
24213
24215
24225
24226
24231
24234
24236
24242
24249
24251
24262
24265
24269
24270
24272
24273
24277
24286
24289
24290
24292
24293
24298
24305
24308
24312
24316
24321
24326
24327
24334
24339
24345
24348
24349
24357
24358
24364
24368
24370
24375
24383
24386
24388
24398
24412
24423
24426
24428
24431
24442
24451
24452
24456
24460
24468
24470
24471
24480
24481
24483
24492
24500
24505
24509
24519
24522
24526
24529
24530
24532
24533
24542
24543
24545
24556
24557
24558
24560
24564
24565
24566
24567
24569
24573
24574
24577
24579
24586
24589
24590
24595
24596
24598
24599
24602
24606
24607
24608
24612
24623
24628
24629
24631
24650
24654
24659
24661
24663
24665
24667
24675
24676
24681
24682
24685
24687
24690
24696
24698
24699
24721
24723
24724
24729
24736
24743
24744
24748
24756
24759
24764
24766
24769
24775
24776
24780
24781
24789
24796
24799
24805
24811
24814
24815
24816
24819
24824
24827
24829
24840
24843
24848
24850
24852
24858
24860
24867
24869
24878
24879
24882
24885
24894
24896
24900
24901
24904
24910
24922
24935
24941
24942
24944
24946
24947
24949
24965
24967
24975
24976
24978
24980
24983
24984
24986
24992
25003
25004
25008
25009
25025
25027
25031
25037
25045
25049
25056
25058
25059
25064
25074
25078
25086
25087
25089
25090
25091
25095
25096
25102
25107
25109
25110
25113
25115
25116
25128
25130
25133
25135
25137
25138
25139
25143
25144
25148
25150
25152
25155
25160
25165
25166
25169
25172
25173
25176
25177
25188
25189
25190
25192
25201
25202
25207
25208
25210
25220
25221
25234
25242
25243
25248
25258
25264
25267
25270
25290
25292
25294
25302
25303
25314
25317
25324
25325
25326
25332
25335
25338
25344
25349
25355
25362
25364
25365
25383
25389
25398
25400
25403
25410
25412
25416
25421
25424
25425
25427
25432
25433
25436
25443
25447
25449
25451
25467
25469
25473
25476
25483
25485
25486
25491
25493
25494
25496
25500
25506
25509
25516
25521
25523
25525
25533
25538
25539
25541
25547
25550
25552
25554
25559
25561
25564
25570
25577
25586
25587
25589
25593
25595
25596
25604
25606
25607
25611
25612
25614
25617
25618
25623
25626
25634
25639
25641
25644
25647
25651
25672
25677
25681
25687
25691
25692
25698
25699
25700
25704
25713
25724
25727
25730
25733
25737
25740
25749
25755
25759
25763
25764
25773
25774
25778
25781
25783
25788
25791
25792
25796
25802
25803
25805
25806
25823
25826
25828
25829
25841
25844
25845
25848
25850
25854
25859
25861
25863
25865
25868
25873
25880
25881
25889
25891
25894
25895
25896
25903
25908
25910
25911
25912
25913
25914
25916
25921
25925
25928
25929
25932
25934
25936
25937
25939
25941
25953
25962
25963
25973
25983
25984
25988
25989
25992
26011
26016
26019
26022
26023
26029
26035
26036
26040
26056
26057
26086
26089
26091
26092
26094
26096
26098
26099
26107
26108
26110
26112
26117
26119
26127
26128
26138
26149
26155
26160
26161
26164
26166
26169
26171
26179
26180
26182
26183
26186
26191
26195
26196
26197
26211
26214
26215
26225
26227
26235
26239
26243
26247
26255
26259
26263
26264
26274
26279
26281
26290
26297
26315
26320
26328
26329
26330
26334
26336
26341
26343
26348
26351
26355
26356
26361
26362
26364
26365
26369
26376
26378
26379
26380
26385
26387
26389
26395
26405
26408
26436
26438
26440
26443
26447
26448
26451
26453
26456
26461
26464
26469
26472
26477
26479
26481
26482
26488
26493
26499
26503
26508
26511
26512
26519
26523
26525
26529
26534
26536
26538
26540
26544
26547
26548
26549
26551
26556
26559
26569
26573
26574
26576
26577
26583
26590
26591
26596
26604
26605
26606
26613
26615
26620
26621
26622
26624
26627
26636
26638
26641
26642
26646
26650
26654
26655
26659
26666
26670
26672
26674
26677
26683
26687
26690
26697
26737
26738
26741
26747
26750
26753
26762
26763
26768
26776
26784
26793
26796
26797
26800
26804
26805
26806
26808
26811
26822
26824
26828
26829
26830
26831
26832
26835
26843
26844
26848
26854
26862
26865
26866
26869
26871
26873
26875
26878
26881
26882
26886
26888
26899
26903
26904
26907
26908
26918
26920
26921
26925
26932
26941
26943
26945
26946
26947
26948
26951
26955
26967
26970
26973
26993
26995
26996
26999
27007
27009
27014
27031
27033
27035
27045
27049
27052
27060
27067
27073
27077
27078
27081
27085
27090
27092
27094
27096
27104
27106
27109
27113
27123
27128
27140
27142
27144
27149
27154
27156
27157
27164
27167
27168
27169
27172
27178
27186
27190
27202
27209
27214
27215
27219
27222
27225
27228
27231
27239
27240
27242
27245
27246
27253
27254
27255
27258
27259
27260
27263
27264
27266
27267
27270
27273
27278
27280
27281
27287
27290
27295
27304
27305
27306
27309
27322
27326
27337
27343
27346
27347
27348
27351
27361
27362
27367
27382
27384
27386
27391
27396
27414
27420
27423
27438
27439
27448
27455
27457
27459
27460
27461
27465
27467
27470
27484
27489
27503
27505
27510
27511
27520
27532
27538
27539
27541
27544
27550
27561
27562
27563
27567
27568
27579
27581
27583
27599
27605
27608
27609
27611
27612
27613
27617
27622
27623
27626
27632
27634
27639
27641
27647
27648
27650
27651
27652
27653
27656
27661
27663
27668
27671
27675
27676
27680
27684
27687
27690
27695
27699
27703
27704
27705
27714
27716
27719
27722
27725
27728
27729
27741
27742
27747
27748
27749
27752
27758
27769
27770
27771
27777
27778
27784
27787
27790
27791
27793
27794
27795
27801
27804
27806
27810
27823
27833
27837
27841
27842
27843
27847
27848
27850
27852
27860
27861
27866
27867
27870
27873
27886
27890
27895
27901
27905
27912
27914
27916
27920
27925
27931
27939
27957
27958
27961
27964
27966
27973
27977
27978
27980
27983
27984
27987
27988
27989
27992
27999
28003
28005
28012
28020
28022
28027
28029
28032
28033
28040
28041
28049
28050
28054
28056
28070
28077
28081
28083
28089
28098
28099
28110
28115
28116
28123
28126
28130
28133
28134
28135
28143
28147
28154
28157
28158
28162
28163
28167
28168
28169
28171
28177
28179
28181
28186
28191
28202
28203
28209
28214
28215
28218
28222
28229
28230
28233
28234
28242
28244
28253
28258
28260
28261
28262
28272
28276
28282
28286
28289
28291
28292
28295
28298
28307
28309
28312
28315
28317
28318
28324
28325
28327
28329
28339
28345
28346
28352
28353
28359
28364
28367
28369
28374
28378
28387
28390
28395
28397
28403
28406
28408
28413
28415
28416
28417
28423
28424
28427
28429
28436
28443
28446
28451
28463
28467
28470
28472
28473
28474
28481
28491
28493
28494
28498
28502
28524
28541
28549
28556
28561
28562
28564
28566
28570
28578
28587
28589
28595
28606
28616
28618
28625
28627
28629
28630
28635
28640
28642
28647
28649
28656
28658
28659
28673
28682
28684
28685
28686
28687
28688
28694
28700
28709
28722
28730
28741
28743
28745
28748
28757
28760
28763
28769
28772
28778
28779
28780
28781
28783
28792
28794
28798
28800
28808
28813
28817
28819
28825
28826
28830
28834
28842
28843
28844
28845
28847
28850
28852
28853
28857
28858
28865
28868
28870
28874
28875
28878
28880
28885
28893
28895
28900
28905
28908
28917
28922
28923
28929
28932
28933
28934
28936
28939
28945
28947
28952
28957
28964
28966
28968
28971
28982
28985
28992
28997
29000
29002
29003
29004
29011
29016
29017
29022
29023
29025
29026
29034
29044
29047
29054
29056
29061
29063
29064
29068
29071
29073
29083
29092
29098
29100
29101
29103
29108
29109
29116
29118
29122
29128
29130
29135
29136
29142
29150
29156
29159
29170
29187
29191
29192
29196
29201
29207
29217
29219
29232
29233
29247
29253
29255
29256
29265
29266
29267
29277
29280
29282
29284
29285
29288
29289
29300
29302
29325
29329
29334
29335
29338
29340
29344
29349
29351
29353
29363
29364
29367
29368
29373
29375
29378
29381
29386
29387
29388
29392
29397
29398
29399
29401
29407
29413
29417
29425
29427
29435
29437
29440
29441
29447
29449
29457
29460
29463
29465
29466
29468
29475
29476
29492
29496
29497
29504
29506
29510
29524
29529
29546
29551
29556
29558
29566
29567
29569
29570
29571
29575
29578
29581
29584
29589
29590
29591
29600
29612
29613
29621
29622
29623
29624
29633
29634
29645
29648
29654
29658
29669
29672
29673
29681
29682
29684
29687
29688
29689
29700
29702
29712
29716
29719
29721
29723
29730
29732
29733
29734
29741
29748
29754
29758
29766
29770
29771
29778
29785
29787
29793
29795
29797
29800
29801
29802
29804
29806
29817
29818
29819
29830
29833
29835
29837
29838
29840
29843
29851
29852
29854
29857
29860
29863
29864
29869
29870
29873
29876
29881
29883
29888
29891
29894
29897
29902
29903
29910
29914
29927
29929
29932
29933
29938
29942
29945
29949
29950
29954
29955
29961
29968
29969
29971
29976
29982
29993
29996
29999
30005
30006
30008
30013
30014
30017
30019
30023
30031
30032
30036
30037
30038
30046
30063
30072
30073
30077
30080
30082
30089
30091
30096
30099
30100
30101
30112
30113
30115
30120
30125
30126
30128
30129
30146
30148
30151
30158
30170
30171
30175
30177
30179
30184
30185
30187
30189
30192
30194
30201
30203
30211
30215
30219
30221
30228
30237
30238
30244
30245
30247
30253
30254
30257
30259
30274
30277
30278
30281
30283
30284
30288
30298
30302
30305
30307
30309
30313
30314
30315
30319
30323
30325
30328
30332
30339
30347
30351
30353
30354
30355
30359
30364
30370
30376
30381
30394
30396
30397
30398
30402
30403
30406
30411
30413
30416
30418
30431
30438
30440
30443
30449
30450
30453
30454
30459
30460
30462
30465
30468
30472
30473
30476
30477
30482
30483
30490
30491
30503
30504
30506
30509
30526
30527
30528
30531
30533
30538
30546
30547
30550
30553
30555
30556
30559
30561
30563
30567
30570
30574
30575
30576
30580
30586
30590
30594
30595
30597
30599
30608
30614
30617
30637
30641
30642
30645
30663
30671
30674
30676
30677
30679
30684
30695
30701
30704
30705
30710
30714
30720
30727
30731
30732
30736
30741
30742
30744
30745
30747
30750
30770
30774
30782
30792
30797
30801
30803
30807
30809
30810
30811
30813
30816
30819
30822
30823
30832
30838
30843
30847
30849
30873
30874
30876
30879
30889
30891
30896
30915
30916
30927
30928
30929
30931
30932
30933
30936
30938
30939
30945
30947
30951
30952
30953
30956
30957
30959
30961
30962
30963
30972
30973
30977
30979
30983
30984
30992
30995
30996
30997
31008
31016
31018
31023
31030
31033
31036
31047
31050
31053
31057
31059
31060
31065
31067
31069
31070
31074
31075
31081
31082
31089
31093
31095
31105
31106
31122
31125
31128
31130
31139
31141
31142
31145
31151
31152
31157
31158
31162
31166
31172
31178
31179
31183
31184
31186
31188
31189
31191
31192
31195
31197
31200
31204
31211
31230
31234
31235
31239
31241
31248
31253
31254
31257
31264
31266
31268
31269
31276
31277
31283
31288
31290
31294
31296
31304
31305
31306
31308
31314
31317
31321
31327
31328
31330
31332
31342
31344
31349
31350
31353
31355
31357
31362
31368
31369
31374
31375
31376
31377
31381
31383
31393
31398
31406
31408
31414
31416
31419
31423
31428
31430
31433
31435
31442
31452
31455
31462
31475
31480
31481
31488
31493
31495
31497
31500
31501
31506
31507
31509
31513
31519
31529
31531
31548
31556
31558
31559
31560
31564
31567
31574
31577
31581
31592
31596
31599
31606
31611
31616
31617
31619
31626
31631
31637
31638
31640
31642
31648
31657
31659
31666
31672
31675
31679
31680
31681
31682
31683
31684
31686
31687
31688
31690
31692
31699
31701
31706
31711
31714
31716
31718
31720
31727
31728
31742
31744
31745
31748
31749
31756
31757
31762
31764
31767
31768
31771
31776
31789
31798
31806
31812
31815
31818
31826
31827
31829
31833
31834
31836
31839
31842
31844
31848
31851
31852
31856
31857
31860
31865
31867
31870
31875
31885
31886
31887
31893
31894
31897
31900
31903
31905
31906
31909
31919
31920
31923
31924
31927
31936
31945
31952
31960
31968
31973
31975
31979
31984
31988
31991
31993
31996
31998
32004
32008
32011
32014
32015
32022
32025
32026
32029
32034
32036
32041
32043
32047
32053
32057
32060
32061
32065
32069
32073
32078
32081
32086
32089
32092
32094
32108
32110
32117
32131
32132
32134
32135
32136
32144
32145
32148
32150
32159
32163
32169
32173
32188
32189
32190
32191
32193
32197
32203
32206
32214
32221
32227
32230
32239
32241
32251
32256
32259
32260
32267
32269
32275
32285
32291
32292
32305
32306
32312
32315
32323
32331
32341
32342
32344
32350
32352
32353
32356
32357
32361
32366
32368
32369
32371
32381
32385
32389
32390
32417
32418
32425
32429
32436
32440
32441
32442
32449
32452
32454
32455
32459
32462
32464
32465
32468
32469
32473
32474
32476
32486
32491
32492
32497
32500
32503
32512
32514
32523
32528
32538
32541
32545
32546
32557
32566
32568
32573
32576
32581
32583
32588
32591
32598
32599
32600
32602
32603
32611
32615
32618
32620
32629
32630
32632
32633
32635
32639
32652
32654
32661
32667
32668
32670
32673
32675
32676
32678
32679
32683
32691
32694
32695
32699
32710
32711
32717
32719
32724
32725
32734
32737
32738
32739
32751
32753
32754
32756
32758
32764
32772
32775
32777
32786
32790
32792
32795
32800
32804
32807
32811
32815
32824
32835
32837
32839
32859
32865
32867
32875
32880
32889
32894
32897
32915
32917
32920
32921
32934
32938
32939
32942
32945
32947
32949
32953
32956
32959
32962
32968
32973
32977
32981
32986
32992
32996
32998
32999
33005
33015
33021
33028
33030
33034
33041
33042
33046
33052
33056
33065
33068
33070
33072
33073
33078
33080
33090
33093
33102
33108
33110
33111
33112
33114
33116
33118
33119
33121
33122
33128
33129
33139
33140
33149
33151
33155
33156
33159
33168
33169
33176
33185
33186
33189
33191
33193
33203
33205
33207
33208
33210
33213
33217
33219
33220
33221
33224
33226
33227
33229
33230
33232
33233
33237
33238
33239
33240
33241
33250
33260
33267
33270
33274
33275
33277
33279
33281
33282
33289
33298
33299
33305
33306
33307
33314
33321
33324
33325
33327
33328
33329
33332
33335
33337
33339
33350
33351
33352
33353
33355
33359
33360
33361
33366
33372
33380
33381
33383
33386
33388
33392
33393
33395
33396
33397
33400
33410
33414
33416
33420
33425
33441
33444
33445
33448
33458
33459
33465
33476
33480
33485
33492
33495
33498
33500
33503
33507
33511
33513
33514
33530
33531
33532
33533
33537
33541
33545
33548
33549
33553
33567
33571
33576
33578
33584
33586
33590
33600
33601
33602
33603
33620
33624
33625
33626
33632
33633
33640
33646
33652
33655
33658
33662
33666
33673
33676
33677
33678
33688
33691
33694
33696
33699
33700
33701
33703
33711
33713
33717
33718
33720
33723
33724
33725
33726
33734
33735
33741
33745
33746
33753
33755
33756
33758
33761
33765
33769
33771
33779
33785
33789
33790
33798
33802
33810
33812
33815
33817
33820
33826
33830
33832
33834
33835
33839
33841
33843
33846
33848
33852
33853
33855
33858
33860
33862
33865
33869
33875
33884
33885
33890
33894
33897
33902
33905
33909
33910
33912
33915
33916
33928
33930
33931
33935
33937
33938
33940
33941
33942
33945
33946
33951
33956
33959
33960
33963
33966
33976
33987
33989
33991
33993
34002
34004
34006
34018
34026
34030
34031
34032
34035
34041
34045
34050
34051
34055
34061
34062
34070
34072
34076
34079
34080
34081
34082
34100
34114
34117
34121
34123
34127
34128
34134
34137
34140
34141
34145
34146
34159
34161
34164
34165
34170
34171
34177
34179
34181
34182
34185
34186
34192
34200
34201
34206
34210
34212
34216
34217
34225
34226
34228
34236
34244
34248
34249
34250
34258
34263
34265
34267
34269
34272
34277
34281
34284
34285
34289
34296
34302
34304
34315
34316
34326
34327
34348
34366
34370
34372
34383
34385
34387
34388
34395
34396
34399
34407
34409
34412
34415
34416
34418
34422
34429
34430
34431
34433
34434
34440
34444
34446
34449
34461
34470
34472
34473
34476
34485
34486
34498
34503
34504
34506
34507
34509
34514
34518
34521
34526
34530
34533
34534
34535
34540
34541
34543
34551
34559
34564
34566
34572
34583
34590
34593
34594
34596
34598
34603
34613
34622
34626
34629
34631
34633
34634
34638
34646
34648
34649
34650
34651
34653
34664
34666
34672
34674
34675
34680
34683
34684
34691
34701
34710
34713
34716
34719
34720
34726
34733
34737
34741
34742
34744
34746
34747
34749
34751
34757
34758
34762
34768
34770
34773
34775
34782
34791
34792
34795
34797
34804
34820
34822
34823
34825
34827
34828
34829
34837
34838
34840
34843
34844
34851
34855
34857
34858
34862
34865
34869
34871
34872
34880
34890
34895
34896
34900
34903
34905
34908
34914
34917
34930
34933
34935
34937
34941
34942
34944
34947
34955
34957
34958
34959
34960
34962
34964
34971
34981
34991
34999
35003
35021
35025
35029
35035
35037
35049
35052
35056
35061
35066
35067
35069
35071
35072
35079
35082
35083
35089
35093
35096
35100
35105
35109
35115
35117
35124
35151
35152
35156
35157
35160
35163
35164
35167
35169
35175
35182
35184
35185
35186
35189
35190
35192
35195
35200
35205
35206
35211
35212
35213
35221
35231
35234
35236
35252
35255
35256
35258
35262
35274
35277
35287
35290
35293
35297
35311
35321
35322
35324
35325
35326
35328
35331
35337
35339
35343
35352
35353
35355
35358
35361
35364
35366
35367
35384
35385
35387
35395
35397
35400
35405
35413
35421
35427
35435
35439
35454
35456
35460
35461
35463
35468
35481
35483
35487
35495
35498
35504
35508
35517
35518
35522
35531
35532
35548
35552
35563
35564
35568
35576
35578
35593
35596
35600
35601
35602
35603
35613
35614
35615
35624
35625
35627
35630
35634
35639
35646
35649
35651
35654
35656
35665
35667
35669
35679
35682
35684
35686
35689
35691
35695
35696
35697
35700
35701
35715
35722
35723
35728
35739
35743
35748
35753
35754
35756
35762
35769
35772
35775
35776
35779
35780
35784
35791
35801
35803
35804
35806
35807
35808
35815
35819
35822
35823
35829
35830
35844
35847
35849
35850
35855
35860
35863
35881
35882
35883
35890
35896
35904
35906
35909
35912
35914
35917
35929
35941
35942
35946
35949
35951
35963
35974
35990
36005
36015
36019
36027
36028
36030
36031
36033
36035
36039
36040
36049
36056
36057
36060
36065
36067
36078
36083
36085
36086
36098
36104
36109
36112
36115
36117
36126
36129
36130
36139
36145
36156
36157
36158
36172
36184
36187
36191
36193
36194
36199
36201
36205
36218
36225
36226
36227
36228
36229
36231
36238
36250
36251
36256
36275
36278
36280
36287
36301
36303
36304
36312
36318
36321
36332
36333
36334
36337
36338
36339
36341
36342
36344
36349
36350
36355
36356
36357
36364
36368
36369
36372
36383
36385
36386
36398
36401
36402
36405
36412
36420
36434
36435
36436
36440
36442
36449
36453
36457
36458
36459
36460
36468
36471
36475
36480
36481
36482
36485
36488
36491
36498
36501
36509
36513
36533
36540
36541
36546
36555
36563
36566
36574
36575
36581
36583
36590
36591
36593
36594
36597
36600
36604
36606
36609
36612
36626
36632
36636
36637
36643
36649
36652
36656
36658
36661
36665
36668
36680
36681
36685
36688
36693
36697
36700
36703
36717
36722
36723
36729
36732
36736
36739
36745
36747
36748
36766
36767
36778
36781
36792
36794
36799
36803
36804
36814
36815
36824
36826
36831
36834
36838
36840
36842
36846
36847
36850
36857
36859
36862
36865
36869
36870
36873
36879
36881
36882
36883
36886
36889
36890
36894
36900
36903
36904
36907
36908
36919
36923
36930
36931
36933
36941
36942
36946
36951
36961
36963
36965
36973
36976
36977
36980
36986
36993
37004
37005
37006
37016
37017
37018
37019
37021
37023
37024
37026
37034
37036
37042
37044
37054
37058
37061
37069
37071
37073
37075
37078
37080
37087
37089
37096
37102
37105
37107
37108
37113
37114
37121
37125
37136
37138
37139
37141
37144
37146
37147
37150
37152
37154
37156
37159
37163
37164
37166
37170
37173
37177
37179
37182
37184
37191
37192
37200
37203
37204
37208
37209
37213
37220
37224
37225
37227
37230
37234
37242
37243
37250
37251
37255
37263
37264
37267
37272
37274
37279
37284
37291
37293
37296
37300
37304
37309
37310
37311
37312
37315
37322
37324
37333
37336
37337
37338
37339
37343
37348
37353
37359
37360
37364
37367
37372
37376
37380
37382
37386
37390
37397
37401
37402
37408
37410
37413
37416
37419
37421
37422
37428
37431
37435
37440
37442
37445
37451
37456
37461
37469
37471
37477
37481
37484
37485
37489
37490
37492
37500
37501
37503
37520
37523
37528
37545
37546
37550
37552
37553
37556
37559
37568
37570
37574
37575
37579
37580
37583
37585
37596
37604
37610
37620
37625
37627
37635
37636
37639
37642
37645
37646
37658
37673
37681
37685
37691
37692
37700
37705
37707
37711
37713
37714
37719
37731
37732
37733
37734
37736
37743
37749
37754
37755
37761
37766
37770
37771
37773
37775
37776
37777
37781
37790
37791
37793
37798
37800
37803
37805
37809
37812
37816
37824
37825
37826
37827
37832
37840
37848
37850
37851
37852
37857
37858
37862
37873
37876
37878
37880
37881
37884
37886
37895
37899
37900
37904
37910
37911
37912
37913
37915
37917
37925
37930
37932
37938
37946
37948
37949
37959
37961
37975
37977
37988
37997
38000
38020
38027
38029
38033
38038
38039
38041
38049
38052
38054
38055
38060
38061
38062
38065
38068
38072
38079
38086
38090
38098
38104
38107
38108
38109
38112
38115
38129
38131
38141
38157
38158
38161
38167
38170
38177
38181
38182
38185
38187
38188
38189
38195
38201
38203
38215
38219
38221
38225
38230
38255
38261
38265
38266
38268
38273
38278
38285
38286
38288
38290
38294
38296
38304
38305
38311
38312
38317
38318
38321
38322
38330
38331
38333
38334
38337
38345
38347
38348
38360
38363
38366
38372
38377
38378
38383
38387
38388
38390
38396
38402
38409
38410
38420
38426
38431
38440
38442
38445
38446
38450
38455
38477
38480
38483
38485
38491
38501
38505
38508
38511
38516
38526
38535
38540
38541
38543
38548
38549
38550
38559
38566
38568
38571
38574
38578
38579
38581
38584
38590
38594
38599
38615
38620
38622
38624
38625
38630
38632
38634
38635
38637
38643
38646
38647
38650
38651
38653
38660
38667
38668
38670
38672
38674
38678
38681
38683
38684
38685
38686
38691
38693
38695
38697
38702
38708
38709
38711
38712
38713
38716
38717
38733
38735
38738
38740
38743
38750
38760
38762
38767
38768
38777
38778
38779
38783
38785
38788
38789
38790
38795
38796
38800
38802
38806
38807
38808
38816
38820
38825
38829
38836
38848
38849
38851
38852
38869
38871
38872
38873
38875
38877
38881
38888
38890
38891
38895
38908
38909
38911
38917
38918
38930
38932
38935
38936
38941
38945
38948
38952
38958
38959
38960
38965
38967
38969
38972
38979
38980
38984
38985
38992
38995
38998
39013
39014
39023
39031
39033
39046
39049
39060
39061
39065
39070
39071
39074
39077
39083
39086
39091
39092
39094
39095
39096
39099
39103
39112
39114
39127
39131
39135
39136
39144
39149
39159
39163
39170
39171
39175
39190
39194
39197
39198
39209
39210
39211
39214
39215
39223
39224
39225
39229
39239
39242
39246
39259
39262
39264
39265
39266
39267
39269
39275
39278
39280
39292
39294
39297
39309
39310
39313
39315
39316
39325
39326
39328
39332
39336
39357
39358
39360
39373
39378
39384
39390
39395
39399
39400
39403
39404
39406
39412
39414
39419
39427
39433
39435
39438
39442
39444
39446
39447
39455
39457
39459
39464
39470
39471
39474
39475
39478
39483
39486
39492
39495
39496
39501
39504
39506
39508
39510
39511
39512
39516
39517
39522
39523
39528
39529
39530
39536
39539
39540
39541
39552
39557
39560
39569
39573
39578
39579
39580
39582
39583
39585
39590
39597
39602
39605
39606
39608
39618
39619
39623
39625
39628
39629
39636
39645
39646
39653
39669
39671
39675
39676
39677
39680
39685
39690
39693
39696
39702
39709
39710
39712
39714
39718
39720
39726
39740
39744
39750
39754
39756
39773
39775
39778
39779
39780
39794
39797
39799
39802
39803
39805
39812
39815
39816
39818
39827
39832
39833
39835
39837
39840
39841
39854
39855
39858
39859
39860
39861
39862
39864
39867
39869
39876
39883
39884
39885
39887
39891
39894
39896
39902
39909
39923
39924
39929
39940
39944
39945
39949
39961
39966
39967
39968
39974
39976
39978
39989
39990
39992
39996
39997
39999
40003
40007
40010
40011
40012
40025
40026
40027
40028
40038
40040
40044
40045
40048
40055
40056
40057
40058
40065
40067
40068
40100
40105
40108
40114
40119
40122
40124
40127
40131
40133
40135
40138
40139
40152
40153
40157
40159
40161
40165
40168
40174
40178
40179
40180
40190
40191
40192
40196
40208
40215
40221
40222
40223
40228
40229
40232
40233
40245
40246
40247
40254
40256
40263
40264
40266
40267
40270
40271
40272
40275
40276
40277
40292
40305
40307
40308
40310
40314
40315
40316
40318
40331
40335
40337
40345
40346
40350
40352
40357
40375
40378
40380
40382
40385
40388
40389
40391
40394
40399
40404
40407
40413
40416
40420
40428
40430
40431
40436
40438
40443
40444
40445
40451
40453
40455
40456
40458
40464
40465
40469
40479
40490
40493
40495
40500
40504
40507
40509
40515
40518
40520
40523
40524
40525
40526
40530
40542
40545
40548
40551
40554
40556
40559
40562
40563
40565
40577
40580
40583
40586
40593
40603
40613
40625
40626
40632
40634
40639
40647
40656
40668
40669
40672
40676
40677
40678
40682
40685
40686
40687
40700
40716
40717
40729
40730
40732
40733
40734
40736
40738
40741
40743
40745
40748
40752
40754
40767
40768
40771
40773
40781
40782
40787
40790
40792
40798
40804
40821
40827
40829
40833
40836
40840
40844
40847
40852
40854
40856
40862
40864
40868
40872
40877
40878
40882
40885
40887
40902
40904
40909
40910
40911
40923
40924
40925
40927
40929
40934
40936
40941
40946
40951
40954
40966
40968
40970
40974
40976
40983
40987
40995
40996
40998
40999
41002
41003
41005
41007
41008
41010
41016
41021
41022
41023
41030
41036
41056
41060
41063
41065
41068
41081
41082
41086
41093
41097
41099
41103
41105
41106
41108
41112
41113
41115
41116
41119
41121
41123
41133
41137
41140
41146
41157
41162
41167
41168
41173
41181
41182
41184
41189
41192
41194
41195
41196
41205
41212
41213
41218
41228
41234
41250
41256
41257
41258
41259
41260
41268
41275
41276
41284
41285
41287
41288
41295
41299
41306
41307
41312
41314
41315
41326
41336
41337
41338
41340
41349
41354
41357
41361
41362
41365
41367
41368
41369
41370
41374
41377
41382
41391
41396
41404
41406
41409
41414
41417
41421
41426
41431
41437
41461
41464
41469
41477
41479
41481
41486
41491
41494
41507
41519
41521
41524
41530
41532
41537
41538
41547
41548
41549
41568
41569
41570
41574
41576
41578
41583
41585
41588
41591
41595
41602
41606
41616
41617
41619
41624
41626
41627
41629
41631
41632
41636
41642
41646
41654
41656
41660
41664
41674
41676
41685
41687
41689
41694
41699
41703
41715
41718
41723
41726
41727
41730
41732
41742
41746
41748
41755
41757
41769
41783
41798
41806
41811
41814
41828
41834
41839
41841
41846
41851
41852
41853
41862
41864
41865
41871
41872
41876
41882
41883
41890
41909
41915
41917
41924
41926
41928
41929
41930
41937
41939
41944
41947
41954
41965
41966
41968
41973
41976
41985
41986
41995
41996
41997
41998
42002
42003
42005
42009
42010
42011
42015
42016
42025
42036
42038
42041
42043
42046
42052
42064
42067
42070
42072
42076
42080
42081
42083
42087
42089
42104
42107
42119
42130
42138
42147
42157
42158
42159
42161
42162
42163
42164
42178
42179
42180
42182
42183
42185
42187
42192
42194
42208
42216
42229
42231
42233
42234
42235
42238
42249
42251
42262
42264
42266
42270
42281
42287
42288
42291
42292
42300
42308
42311
42315
42316
42320
42322
42324
42327
42330
42331
42335
42341
42343
42344
42346
42349
42352
42365
42366
42370
42373
42375
42390
42402
42409
42422
42423
42437
42438
42442
42446
42450
42451
42452
42455
42456
42473
42475
42477
42478
42479
42480
42484
42486
42488
42490
42492
42496
42497
42499
42501
42503
42509
42511
42515
42516
42519
42522
42526
42527
42529
42534
42546
42552
42558
42563
42567
42568
42570
42571
42572
42578
42582
42584
42586
42591
42593
42598
42599
42606
42608
42610
42617
42618
42619
42620
42631
42632
42640
42643
42646
42651
42652
42654
42661
42663
42674
42684
42687
42689
42690
42692
42697
42700
42701
42703
42709
42712
42715
42716
42719
42725
42729
42732
42736
42739
42741
42748
42749
42756
42762
42771
42772
42774
42789
42791
42794
42796
42801
42802
42804
42806
42811
42814
42824
42826
42828
42834
42841
42842
42844
42848
42857
42860
42862
42871
42872
42878
42879
42893
42897
42904
42910
42916
42919
42920
42925
42928
42929
42940
42943
42945
42963
42966
42967
42976
42978
42980
42981
42983
42986
42991
42992
43002
43012
43019
43020
43022
43025
43027
43030
43031
43034
43036
43037
43038
43045
43055
43060
43061
43063
43066
43070
43071
43074
43075
43076
43077
43079
43087
43090
43092
43100
43103
43105
43107
43109
43111
43116
43118
43120
43126
43129
43130
43133
43136
43138
43146
43147
43149
43156
43157
43159
43160
43163
43168
43169
43195
43197
43198
43199
43200
43204
43209
43213
43218
43229
43231
43234
43240
43255
43257
43261
43263
43283
43285
43288
43291
43292
43294
43298
43308
43309
43312
43317
43321
43323
43327
43329
43330
43340
43348
43352
43355
43360
43361
43374
43379
43381
43395
43403
43411
43414
43425
43431
43432
43434
43438
43443
43449
43455
43457
43460
43467
43468
43469
43470
43474
43475
43480
43482
43490
43491
43495
43497
43501
43502
43509
43511
43512
43515
43516
43520
43524
43535
43539
43542
43545
43553
43556
43562
43566
43568
43574
43576
43580
43588
43595
43610
43611
43620
43624
43626
43627
43631
43632
43634
43639
43640
43641
43642
43645
43653
43659
43663
43664
43668
43673
43674
43678
43680
43681
43686
43687
43690
43694
43699
43706
43708
43725
43729
43732
43734
43737
43738
43740
43751
43760
43764
43768
43771
43790
43791
43794
43795
43799
43803
43805
43809
43810
43813
43820
43831
43836
43839
43845
43847
43848
43853
43858
43863
43867
43876
43883
43888
43890
43891
43894
43898
43899
43902
43903
43906
43907
43908
43911
43913
43916
43923
43934
43943
43944
43952
43956
43960
43962
43964
43970
43975
43988
43991
43997
43999
44000
44002
44004
44005
44012
44015
44016
44017
44028
44037
44041
44048
44053
44054
44059
44061
44066
44069
44071
44072
44077
44082
44088
44093
44098
44100
44102
44105
44111
44117
44118
44124
44133
44134
44142
44151
44152
44153
44158
44159
44167
44171
44176
44184
44185
44191
44193
44203
44209
44219
44220
44231
44232
44239
44241
44247
44259
44277
44282
44285
44291
44292
44294
44296
44298
44299
44304
44307
44309
44310
44315
44319
44324
44330
44331
44336
44337
44338
44339
44342
44344
44345
44347
44353
44359
44363
44369
44373
44376
44378
44386
44391
44393
44402
44404
44409
44415
44420
44423
44424
44433
44438
44451
44454
44457
44459
44463
44467
44483
44489
44494
44496
44500
44501
44502
44506
44508
44517
44519
44522
44524
44529
44533
44542
44552
44556
44560
44561
44564
44568
44571
44578
44582
44595
44605
44613
44617
44622
44624
44629
44631
44635
44636
44638
44640
44641
44642
44646
44648
44658
44660
44664
44666
44668
44670
44677
44693
44694
44695
44698
44702
44703
44705
44707
44708
44713
44717
44722
44726
44728
44736
44744
44746
44750
44751
44757
44761
44762
44763
44769
44770
44771
44782
44791
44794
44796
44797
44805
44806
44811
44816
44821
44829
44843
44846
44850
44852
44854
44855
44856
44858
44859
44863
44868
44870
44872
44878
44883
44884
44888
44893
44895
44896
44897
44898
44900
44906
44908
44916
44921
44922
44927
44931
44932
44933
44934
44936
44937
44939
44942
44944
44948
44951
44955
44957
44959
44960
44961
44964
44966
44969
44975
44976
44978
44985
44988
44991
44994
44997
45004
45009
45013
45022
45026
45032
45033
45040
45045
45047
45049
45052
45059
45061
45066
45069
45073
45074
45078
45084
45092
45094
45097
45107
45109
45110
45111
45113
45114
45115
45126
45140
45144
45146
45150
45165
45166
45168
45171
45176
45177
45179
45192
45196
45198
45199
45200
45202
45207
45209
45227
45230
45238
45246
45248
45249
45252
45253
45259
45261
45266
45268
45275
45276
45280
45282
45283
45284
45289
45311
45315
45323
45326
45332
45337
45343
45347
45352
45356
45360
45365
45370
45373
45376
45390
45392
45393
45398
45400
45401
45404
45413
45416
45421
45428
45435
45436
45446
45451
45453
45454
45467
45470
45471
45479
45483
45494
45495
45498
45499
45500
45505
45510
45513
45520
45525
45527
45531
45539
45540
45541
45542
45545
45546
45550
45559
45563
45566
45567
45573
45576
45577
45584
45591
45602
45604
45606
45607
45618
45622
45632
45635
45638
45641
45642
45644
45647
45649
45652
45662
45667
45668
45669
45675
45688
45707
45718
45732
45736
45739
45741
45743
45748
45749
45753
45761
45771
45772
45774
45775
45781
45784
45785
45789
45792
45795
45798
45810
45813
45819
45823
45824
45826
45832
45833
45834
45842
45843
45846
45852
45859
45862
45868
45875
45880
45882
45892
45897
45900
45901
45902
45904
45910
45917
45919
45926
45927
45933
45935
45944
45946
45948
45951
45953
45965
45966
45967
45969
45973
45976
45977
45981
45983
45994
45995
46000
46001
46003
46004
46007
46010
46019
46021
46022
46024
46027
46033
46037
46039
46045
46048
46050
46051
46055
46056
46058
46060
46066
46067
46068
46071
46075
46083
46086
46087
46093
46094
46107
46112
46116
46119
46121
46130
46133
46136
46141
46142
46150
46153
46156
46165
46167
46168
46171
46173
46174
46182
46187
46198
46199
46202
46203
46204
46213
46214
46222
46224
46225
46228
46233
46236
46238
46256
46261
46262
46265
46272
46273
46277
46279
46281
46283
46286
46290
46296
46297
46307
46308
46315
46316
46319
46321
46323
46324
46329
46332
46338
46342
46348
46349
46350
46353
46354
46355
46361
46370
46374
46375
46377
46380
46381
46389
46395
46400
46401
46406
46408
46409
46410
46413
46416
46434
46435
46436
46437
46438
46443
46463
46468
46469
46473
46474
46476
46477
46483
46484
46488
46491
46499
46501
46504
46506
46510
46512
46515
46544
46550
46552
46557
46562
46565
46567
46568
46570
46578
46580
46588
46589
46594
46596
46599
46600
46602
46605
46610
46615
46620
46621
46623
46625
46631
46641
46643
46646
46647
46650
46653
46655
46664
46666
46667
46669
46674
46675
46678
46683
46688
46691
46698
46699
46702
46704
46705
46708
46711
46715
46716
46718
46720
46721
46725
46738
46739
46750
46751
46752
46758
46759
46766
46772
46777
46779
46782
46783
46784
46792
46794
46798
46800
46806
46808
46812
46814
46821
46825
46827
46832
46845
46849
46853
46855
46858
46860
46863
46866
46869
46870
46876
46882
46883
46894
46897
46901
46902
46906
46907
46911
46914
46918
46920
46930
46932
46942
46961
46968
46969
46977
46978
46981
46991
46993
46996
47004
47006
47007
47008
47010
47011
47012
47014
47026
47027
47031
47035
47050
47054
47055
47056
47057
47065
47070
47073
47076
47081
47082
47083
47094
47098
47100
47101
47103
47107
47115
47119
47122
47123
47125
47134
47150
47151
47152
47157
47161
47165
47168
47174
47178
47186
47190
47203
47206
47212
47215
47220
47223
47233
47237
47244
47248
47249
47254
47256
47258
47259
47260
47273
47274
47281
47286
47295
47304
47312
47314
47315
47319
47322
47323
47334
47335
47336
47341
47346
47349
47353
47358
47363
47377
47378
47380
47384
47385
47386
47393
47395
47396
47397
47398
47406
47415
47417
47422
47425
47431
47432
47436
47440
47441
47442
47444
47445
47455
47469
47470
47471
47476
47477
47480
47481
47490
47491
47492
47494
47497
47501
47518
47520
47524
47525
47526
47527
47531
47543
47551
47554
47561
47562
47564
47565
47567
47569
47572
47579
47588
47590
47601
47602
47603
47604
47605
47610
47616
47617
47629
47630
47631
47642
47643
47644
47647
47648
47655
47659
47663
47666
47676
47678
47680
47684
47685
47690
47699
47710
47714
47715
47723
47728
47733
47735
47736
47739
47742
47743
47747
47762
47772
47778
47780
47783
47785
47787
47793
47796
47799
47803
47804
47807
47808
47825
47828
47833
47834
47836
47842
47862
47863
47864
47870
47872
47873
47874
47876
47878
47882
47890
47893
47898
47913
47917
47918
47930
47932
47936
47939
47941
47942
47947
47950
47953
47957
47959
47961
47965
47970
47972
47980
47981
47983
47984
47985
47990
47991
47992
48002
48003
48004
48008
48015
48018
48019
48023
48024
48028
48041
48048
48052
48065
48067
48070
48071
48074
48079
48080
48083
48084
48087
48091
48094
48098
48109
48114
48121
48128
48129
48131
48132
48133
48139
48144
48167
48169
48173
48179
48181
48191
48195
48205
48208
48215
48222
48226
48229
48237
48242
48243
48249
48250
48260
48272
48275
48276
48278
48279
48284
48286
48288
48290
48291
48293
48295
48304
48309
48323
48325
48326
48338
48349
48351
48353
48354
48375
48378
48380
48389
48394
48397
48399
48404
48406
48407
48415
48419
48425
48428
48429
48436
48445
48450
48456
48458
48462
48466
48475
48479
48486
48489
48491
48500
48511
48512
48513
48518
48522
48535
48541
48542
48544
48545
48546
48553
48557
48559
48560
48568
48574
48579
48581
48585
48586
48592
48593
48600
48604
48606
48609
48610
48612
48613
48616
48619
48623
48625
48629
48639
48640
48643
48650
48655
48665
48666
48668
48670
48671
48672
48681
48684
48686
48687
48692
48699
48705
48715
48718
48719
48723
48725
48738
48742
48750
48752
48754
48758
48759
48761
48770
48782
48792
48793
48798
48802
48805
48807
48808
48814
48823
48824
48829
48836
48837
48838
48839
48840
48843
48844
48847
48851
48859
48861
48862
48864
48866
48868
48869
48870
48883
48889
48891
48896
48900
48905
48908
48916
48917
48920
48923
48931
48932
48937
48940
48941
48943
48944
48948
48949
48952
48953
48954
48955
48956
48964
48967
48973
48975
48976
48978
48979
48982
48984
48985
48993
49023
49025
49029
49030
49034
49044
49050
49052
49055
49056
49068
49069
49072
49076
49077
49086
49087
49097
49101
49122
49125
49132
49142
49147
49149
49150
49162
49167
49172
49175
49180
49182
49189
49190
49202
49203
49205
49208
49213
49214
49219
49225
49229
49230
49231
49232
49242
49245
49252
49257
49259
49265
49268
49276
49282
49285
49286
49287
49290
49295
49298
49300
49301
49302
49305
49310
49314
49315
49318
49326
49332
49333
49334
49339
49340
49342
49343
49345
49348
49351
49352
49355
49358
49369
49373
49376
49377
49379
49388
49391
49411
49416
49417
49420
49424
49426
49427
49435
4943